246
0.210312
0.013229
0.010818
0.009094
0.009857
0.009369
0.010574
0.010620
0.009964
0.008255
0.008347
0.007812
0.007690
0.009033
0.008621
0.009293
0.009750
0.009979
0.010666
0.008652
0.010071
0.009430
0.008667
0.007980
0.007874
0.007355
0.006561
0.007217
0.006683
0.006042
0.006058
0.006653
0.005600
0.004776
0.004715
0.005188
0.004684
0.004745
0.004684
0.004593
0.004379
0.004364
0.004303
0.004669
0.004196
0.004059
0.004227
0.004425
0.004028
0.003555
0.003876
0.004120
0.004272
0.003876
0.004211
0.003754
0.003510
0.003632
0.004013
0.003540
0.003891
0.003967
0.003647
0.003540
0.003403
0.003448
0.003433
0.003998
0.003952
0.003922
0.003922
0.004013
0.003891
0.004242
0.003952
0.003830
0.003799
0.003738
0.004517
0.003860
0.003860
0.003906
0.004044
0.003784
0.003586
0.003998
0.003967
0.003922
0.004272
0.003372
0.003815
0.003799
0.003265
0.003052
0.003448
0.003418
0.003418
0.003448
0.003052
0.003387
0.003693
0.003571
0.004105
0.003967
0.003555
0.003693
0.003723
0.004166
0.004166
0.004608
0.004135
0.003983
0.003555
0.003601
0.003952
0.003922
0.003174
0.003723
0.003052
0.003082
0.002823
0.003036
0.003189
0.003677
0.003433
0.003418
0.003922
0.003662
0.003662
0.003876
0.004013
0.004227
0.004166
0.003937
0.004745
0.004959
0.004593
0.004562
0.004395
0.004623
0.003372
0.003464
0.003342
0.003571
0.002838
0.002975
0.003067
0.003510
0.002853
0.003128
0.003342
0.003815
0.003250
0.003052
0.002884
0.003189
0.003052
0.002472
0.002640
0.002426
0.001846
0.002258
0.001831
0.001831
0.001663
0.001434
0.001282
0.001144
0.001190
0.001038
0.001068
0.001190
0.000977
0.000916
0.000793
0.000961
0.000610
0.000504
0.000610
0.000595
0.000595
0.000244
0.000412
0.000336
0.000366
0.000076
0.000046
0.000046
0.000000
0.000000
0.000015
0.000046
0.000107
0.000015
0.000015
0.000092
0.000061
0.000015
0.000031
0.000015
0.000000
0.000031
0.000046
0.000000
0.000015
0.000015
0.000046
0.000015
0.000061
0.000031
0.000046
0.000061
0.000031
0.000046
0.000092
0.000031
0.000031
0.000137
0.000046
0.000015
0.000122
0.000244
0.000183
0.000092
0.000137
0.000153
0.000168
0.000214
0.000168
0.000229
0.000290
0.000259
0.000290
0.000381
0.000214
0.000168
0.000168
0.000107
0.000092
0.000092
0.000061
0.000046
0.000046
0.000076
0.000000
0.000046
